G11="48:P:
(0,0.191)(22,0.199)(44,0.207)(65,0.215)(87,0.223)(109,0.232)
(131,0.244)(152,0.259)(174,0.285)(196,0.320)(218,0.353)(239,0.379)
(261,0.407)(283,0.438)(305,0.474)(326,0.517)(348,0.559)(370,0.595)
(392,0.632)(414,0.674)(435,0.722)(457,0.772)(479,0.820)(501,0.865)
(522,0.910)(544,0.958)(566,1.012)(588,1.071)(609,1.124)(631,1.178)
(653,1.228)(675,1.282)(697,1.341)(718,1.405)(740,1.473)(762,1.535)
(784,1.599)(805,1.670)(827,1.757)(849,1.844)(871,1.920)(892,1.993)
(914,2.080)(936,2.197)(958,2.340)(979,2.515)(1001,2.720)(1023,3.000)"


(   0,0.19) : (  22,0.20) : (  44,0.21) : (  65,0.21) : (  87,0.22) : ( 109,0.23) : 
( 131,0.24) : ( 152,0.26) : ( 174,0.28) : ( 196,0.32) : ( 218,0.35) : ( 239,0.38) : 
( 261,0.41) : ( 283,0.44) : ( 305,0.47) : ( 326,0.52) : ( 348,0.56) : ( 370,0.59) : 
( 392,0.63) : ( 414,0.67) : ( 435,0.72) : ( 457,0.77) : ( 479,0.82) : ( 501,0.86) : 
( 522,0.91) : ( 544,0.96) : ( 566,1.01) : ( 588,1.07) : ( 609,1.12) : ( 631,1.18) : 
( 653,1.23) : ( 675,1.28) : ( 697,1.34) : ( 718,1.40) : ( 740,1.47) : ( 762,1.53) : 
( 784,1.60) : ( 805,1.67) : ( 827,1.76) : ( 849,1.84) : ( 871,1.92) : ( 892,1.99) : 
( 914,2.08) : ( 936,2.20) : ( 958,2.34) : ( 979,2.51) : (1001,2.72) : (1023,3.00) :


(   0,0.19) : (  22,0.19) : (  44,0.20) : (  65,0.20) : (  87,0.20) : ( 109,0.21) : 
( 131,0.21) : ( 152,0.22) : ( 174,0.23) : ( 196,0.25) : ( 218,0.27) : ( 239,0.28) : 
( 261,0.29) : ( 283,0.31) : ( 305,0.32) : ( 326,0.34) : ( 348,0.36) : ( 370,0.38) : 
( 392,0.40) : ( 414,0.42) : ( 435,0.44) : ( 457,0.46) : ( 479,0.48) : ( 501,0.50) : 
( 522,0.53) : ( 544,0.55) : ( 566,0.57) : ( 588,0.60) : ( 609,0.63) : ( 631,0.65) : 
( 653,0.67) : ( 675,0.70) : ( 697,0.73) : ( 718,0.76) : ( 740,0.79) : ( 762,0.82) : 
( 784,0.85) : ( 805,0.88) : ( 827,0.92) : ( 849,0.96) : ( 871,1.00) : ( 892,1.03) : 
( 914,1.07) : ( 936,1.13) : ( 958,1.19) : ( 979,1.27) : (1001,1.37) : (1023,1.50) :

8   8   8   8   9   12  15  24  35  33  26  28  31  36  43  42  36  37  42  48  50
48  45  45  48  54  59  53  54  50  54  59  64  68  62  64  71  87  87  76  73  87
117 143 175 205 280